       10	2023-07-03 07:46:59	1	0	1	0
        5	2023-07-03 07:56:25	1	0	1	0
       13	2023-07-03 07:58:59	1	0	1	0
       12	2023-07-03 08:01:32	1	0	1	0
        2	2023-07-03 08:02:05	1	0	1	0
        7	2023-07-03 08:03:47	1	0	1	0
       10	2023-07-04 07:13:45	1	0	1	0
        3	2023-07-04 07:45:36	1	0	1	0
       15	2023-07-04 07:48:51	1	0	1	0
        7	2023-07-04 07:58:32	1	0	1	0
       12	2023-07-04 08:03:28	1	0	1	0
        2	2023-07-04 08:08:33	1	0	1	0
       13	2023-07-04 08:08:38	1	0	1	0
        5	2023-07-04 08:09:30	1	0	1	0
       10	2023-07-05 07:38:17	1	0	1	0
        3	2023-07-05 08:03:15	1	0	1	0
        7	2023-07-05 08:05:44	1	0	1	0
        6	2023-07-05 08:06:49	1	0	1	0
        5	2023-07-05 08:12:21	1	0	1	0
       13	2023-07-05 08:12:25	1	0	1	0
       10	2023-07-06 07:44:21	1	0	1	0
       15	2023-07-06 07:54:37	1	0	1	0
        3	2023-07-06 07:57:34	1	0	1	0
        7	2023-07-06 07:59:30	1	0	1	0
        5	2023-07-06 08:09:16	1	0	1	0
       12	2023-07-06 08:09:22	1	0	1	0
        6	2023-07-06 08:11:28	1	0	1	0
       14	2023-07-06 08:14:07	1	0	1	0
       13	2023-07-06 08:14:43	1	0	1	0
        2	2023-07-06 08:40:45	1	0	1	0
  
